Cost:
71806.08105
Routes:
22
0,96,167,34,97,161,117,146,115,67,78,212,126
0,157,89,75,193,142,76,32,113,144,170,248
0,153,2,152,100,83,109,247,123,137,218,16,19,112,4
0,141,205,207,139,133,196,37,136,14,180,63
0,22,150,47,45,223,31,163,110,57,101,132,88
0,91,106,92,219,119,29,114,104,237,66,105,9
0,44,43,30,1,103,166,184,151,107,213,108,12,241
0,200,169,199,226,230,64,35,25,39,186,82
0,171,5,143,140,79,24,165,202,10,87,162,54
0,243,120,216,73,145,138,121,52,206,58,244
0,85,190,209,203,211,8,192,224,233,86,49,62
0,232,46,21,217,245,61,94,80,220,71,160,197
0,27,168,250,72,242,3,84,227,17,231
0,125,159,59,201,60,98,28,42,20,188,131,179,38,93
0,53,158,135,222,198,182,118,149,175,15,122
0,40,7,191,234,239,154,238,134,102,74,148,26,50,56
0,177,181,124,77,13,221,41,229,236,127
0,164,69,208,130,68,174,99,36,23,65,116
0,111,204,48,70,6,173,18,155,195,51,185
0,249,187,225,240,183,214,129,90,235,147,172,11
0,246,33,189,215,176,156,228,55,128,81,194,210
0,95,178